rei

# beta barrels
load flycodes/pools/chip137/chip137_DK/input/protease_stable_chip_designs/barrel6_bulge4_5GG_H4_MonomerDesign2019_20190618_BOINC_GG_AA_GG_GG_GG_SAVE_ALL_OUT__849686_0.all_barrel600001_0000001_0MonomerDesign2019_20190618_BOINC_GG_AA_GG_GG_GG_start_00005_0001.pdb
chainbow
set_view (\
    -0.867631316,   -0.182549849,    0.462480396,\
    -0.269199073,    0.954503894,   -0.128267989,\
    -0.418024451,   -0.235789135,   -0.877300203,\
     0.000000000,    0.000000000, -104.021934509,\
     4.020420074,   12.833126068,   -2.708714962,\
    82.011688232,  126.032180786,  -20.000000000 )
png flycodes/paper/figures/pymol/DK_example_0_barrel6.png,  2 in,  2 in, 300, 1
rei


load flycodes/pools/chip137/chip137_DK/input/protease_stable_chip_designs/sm_1kq1A_20190604_MonomerDesign2019_BOINC_AAG_EA_GG_SAVE_ALL_OUT__849692_0.all_sm00011_0000321_0_MonomerDesign2019_BOINC_AAG_EA_GG_start_00021_0001.pdb
chainbow
set_view (\
    -0.276615143,    0.776369810,    0.566335499,\
    -0.771346569,   -0.530869961,    0.351000071,\
     0.573155940,   -0.339749306,    0.745695949,\
     0.000000000,    0.000000000,  -93.308151245,\
    11.130285263,    3.754257202,   -7.009555817,\
    73.564857483,  113.051445007,  -20.000000000 )
png flycodes/paper/figures/pymol/DK_example_1_sm.png,  2 in,  2 in, 300, 1
rei


load flycodes/pools/chip137/chip137_DK/input/protease_stable_chip_designs/tudor_domain_3p8dA_20190617_MonomerDesign2019_BOINC_GG_EA_GG_SAVE_ALL_OUT__849693_0.all_tudor00002_0000066_00190617_MonomerDesign2019_BOINC_GG_EA_GG_start_00002_0001.pdb
chainbow
set_view (\
    -0.487331539,    0.676074445,    0.552659392,\
    -0.829198658,   -0.159875900,   -0.535603940,\
    -0.273751348,   -0.719280958,    0.638511360,\
     0.000000000,    0.000000000,  -98.932838440,\
    13.008470535,    3.262353897,   -6.635873795,\
    77.999404907,  119.866271973,  -20.000000000 )
png flycodes/paper/figures/pymol/DK_example_2_tudor.png,  2 in,  2 in, 300, 1
rei
